2.178502002105592	7.252694734452672	5.080163805274967	
8.14157315336431	8.324596356536956	3.997317883241412	
5.287714959591076	1.0136179942520114	8.026765911833163	
2.3147912340149204	5.096216162599392	1.8539288143194317	
5.115094248014932	2.4125293617628416	2.2887034867545406	
7.968300287600179	2.2642812755110273	3.3686799607837354	
5.68985983339166	8.38669931157195	0.9243419008639522	
6.013025259151816	5.805374393512606	6.445638846385771	
2.765788674335902	6.090491620582063	8.99305867210313	
7.954714009407441	8.550627580055673	7.819363183909681	
0.9008403286340148	1.7129135878612898	5.229438076949413	
9.073370560771828	3.6984816820753017	7.8988119199811635	

